[gd_scene load_steps=30 format=3 uid="uid://bx3xwguvy71uk"]

[ext_resource type="PackedScene" uid="uid://bv2gvitg3xjfx" path="res://scene.gltf" id="1_6g5i7"]
[ext_resource type="Texture2D" uid="uid://drxwnkqymdxq5" path="res://textures/albedo.png" id="1_axlsy"]
[ext_resource type="Texture2D" uid="uid://0erw52cty355" path="res://textures/normals.png" id="2_8fuq0"]
[ext_resource type="Script" path="res://Camera.gd" id="3_14om2"]
[ext_resource type="Texture2D" uid="uid://e462hridwhbr" path="res://AllSky_Night_MoonBurst Equirect.png" id="3_vvxkc"]
[ext_resource type="Texture2D" uid="uid://doi36kcuxslew" path="res://textures/roughness.png" id="3_yk320"]
[ext_resource type="Texture2D" uid="uid://dc325ply6vmn3" path="res://textures/grassAlbedo.png" id="4_0huww"]
[ext_resource type="PackedScene" uid="uid://c34oft6cf7t1y" path="res://lowpoly_tree.glb" id="4_qgchu"]
[ext_resource type="Texture2D" uid="uid://cyuibkpks51ot" path="res://textures/grassNormals.png" id="5_pec4o"]
[ext_resource type="Texture2D" uid="uid://bd4vgu3x5orj1" path="res://textures/grassRoughness.png" id="6_u2sdu"]
[ext_resource type="Texture2D" uid="uid://bpj2s8y6dih7j" path="res://textures/stoneAlbedo.png" id="7_enblq"]
[ext_resource type="Texture2D" uid="uid://cs3w2qjo73qby" path="res://textures/stoneNormals.png" id="8_hlxst"]
[ext_resource type="Texture2D" uid="uid://clm236xca6m1e" path="res://textures/stoneRoughness.png" id="9_aop5b"]
[ext_resource type="Material" uid="uid://dohy3xxddqqin" path="res://materials/outline_material.tres" id="10_wsk0h"]
[ext_resource type="PackedScene" uid="uid://tijtt27w46hl" path="res://simple_bricks_and_steel_fence.glb" id="15_j4600"]

[sub_resource type="StandardMaterial3D" id="StandardMaterial3D_ef5h3"]
albedo_texture = ExtResource("1_axlsy")
roughness_texture = ExtResource("3_yk320")
normal_enabled = true
normal_texture = ExtResource("2_8fuq0")
uv1_scale = Vector3(64, 64, 64)

[sub_resource type="BoxMesh" id="BoxMesh_q2r3i"]
material = SubResource("StandardMaterial3D_ef5h3")
size = Vector3(60, 2, 60)

[sub_resource type="BoxShape3D" id="BoxShape3D_txitn"]
size = Vector3(60, 2, 60)

[sub_resource type="PhysicsMaterial" id="PhysicsMaterial_tih54"]

[sub_resource type="StandardMaterial3D" id="StandardMaterial3D_b4agv"]
albedo_texture = ExtResource("4_0huww")
roughness_texture = ExtResource("6_u2sdu")
normal_enabled = true
normal_texture = ExtResource("5_pec4o")
uv1_scale = Vector3(256, 256, 256)

[sub_resource type="StandardMaterial3D" id="StandardMaterial3D_87tu0"]
cull_mode = 1
albedo_texture = ExtResource("7_enblq")
albedo_texture_force_srgb = true
roughness_texture = ExtResource("9_aop5b")
roughness_texture_channel = 4
normal_enabled = true
normal_texture = ExtResource("8_hlxst")
uv1_scale = Vector3(64, 64, 64)
grow = true
grow_amount = 0.02

[sub_resource type="SphereMesh" id="SphereMesh_2hmnn"]
material = ExtResource("10_wsk0h")

[sub_resource type="BoxShape3D" id="BoxShape3D_o5t53"]
size = Vector3(20, 2, 20)

[sub_resource type="Animation" id="Animation_wmapx"]
length = 10.0
tracks/0/type = "value"
tracks/0/imported = false
tracks/0/enabled = true
tracks/0/path = NodePath("Camera3D:position")
tracks/0/interp = 1
tracks/0/loop_wrap = true
tracks/0/keys = {
"times": PackedFloat32Array(0),
"transitions": PackedFloat32Array(1),
"update": 0,
"values": [Vector3(-4.06477, 6.53396, -8.8104)]
}
tracks/1/type = "value"
tracks/1/imported = false
tracks/1/enabled = true
tracks/1/path = NodePath("Camera3D:rotation")
tracks/1/interp = 1
tracks/1/loop_wrap = true
tracks/1/keys = {
"times": PackedFloat32Array(0),
"transitions": PackedFloat32Array(1),
"update": 0,
"values": [Vector3(0, 2.70893, 0)]
}

[sub_resource type="Animation" id="Animation_lsxgt"]
resource_name = "camera_movement"
length = 120.0
tracks/0/type = "value"
tracks/0/imported = false
tracks/0/enabled = true
tracks/0/path = NodePath("Camera3D:position")
tracks/0/interp = 1
tracks/0/loop_wrap = true
tracks/0/keys = {
"times": PackedFloat32Array(0, 5),
"transitions": PackedFloat32Array(1, 1),
"update": 0,
"values": [Vector3(0, 6.53396, -17.2802), Vector3(-4.06477, 6.53396, -8.8104)]
}
tracks/1/type = "value"
tracks/1/imported = false
tracks/1/enabled = true
tracks/1/path = NodePath("Camera3D:rotation")
tracks/1/interp = 1
tracks/1/loop_wrap = true
tracks/1/keys = {
"times": PackedFloat32Array(0, 5),
"transitions": PackedFloat32Array(1, 1),
"update": 0,
"values": [Vector3(0, 2.70893, 0), Vector3(0, 1.64017, 0)]
}

[sub_resource type="AnimationLibrary" id="AnimationLibrary_8knn7"]
_data = {
"RESET": SubResource("Animation_wmapx"),
"camera_movement": SubResource("Animation_lsxgt")
}

[sub_resource type="PanoramaSkyMaterial" id="PanoramaSkyMaterial_owaxk"]
panorama = ExtResource("3_vvxkc")

[sub_resource type="Sky" id="Sky_7nkr1"]
sky_material = SubResource("PanoramaSkyMaterial_owaxk")

[sub_resource type="Environment" id="Environment_k8lkd"]
background_mode = 2
sky = SubResource("Sky_7nkr1")

[node name="Level" type="Node3D"]
transform = Transform3D(1, 0, 0, 0, 1, 0, 0, 0, 1, -0.0577217, 0.00538445, 0.0098896)

[node name="Floor" type="StaticBody3D" parent="."]

[node name="MeshInstance3D" type="MeshInstance3D" parent="Floor"]
transform = Transform3D(1, 0, 0, 0, 1, 0, 0, 0, 1, 0, 0, -10)
mesh = SubResource("BoxMesh_q2r3i")

[node name="CollisionShape3D" type="CollisionShape3D" parent="Floor"]
transform = Transform3D(1, 0, 0, 0, 1, 0, 0, 0, 1, 0, 0, -10)
shape = SubResource("BoxShape3D_txitn")

[node name="StaticBody3D" type="StaticBody3D" parent="."]
physics_material_override = SubResource("PhysicsMaterial_tih54")

[node name="lowpoly_tree" parent="StaticBody3D" instance=ExtResource("4_qgchu")]
transform = Transform3D(3, 0, 0, 0, 3, 0, 0, 0, 3, 5.39248, 1.29683, -13.8186)

[node name="lowpoly_tree2" parent="StaticBody3D" instance=ExtResource("4_qgchu")]
transform = Transform3D(-0.161897, 0, 3.1959, 0, 3.2, 0, -3.1959, 0, -0.161897, 4.08301, 1.29683, -9.60121)

[node name="MeshInstance3D" type="MeshInstance3D" parent="StaticBody3D"]
transform = Transform3D(3.94204, 0, 4.6679, 0, 0.2, 0, -10.2694, 0, 1.79184, 6.30827, 1.03233, -11.6386)
material_override = SubResource("StandardMaterial3D_b4agv")
material_overlay = SubResource("StandardMaterial3D_87tu0")
mesh = SubResource("SphereMesh_2hmnn")

[node name="LeftOmniLight3D4" type="OmniLight3D" parent="StaticBody3D"]
transform = Transform3D(-0.140603, -0.880579, 0.452561, 0.25618, 0.409177, 0.875755, -0.956349, 0.239071, 0.168055, 4.83081, 1.26349, -14.0188)
light_color = Color(0.984314, 1, 0.678431, 1)
shadow_enabled = true

[node name="LeftOmniLight3D5" type="OmniLight3D" parent="StaticBody3D"]
transform = Transform3D(-0.140603, -0.880579, 0.452561, 0.25618, 0.409177, 0.875755, -0.956349, 0.239071, 0.168055, 3.56757, 1.28008, -9.78467)
light_color = Color(0.984314, 1, 0.678431, 1)
shadow_enabled = true

[node name="lowpoly_tree3" parent="StaticBody3D" instance=ExtResource("4_qgchu")]
transform = Transform3D(-0.18191, 0, -2.79408, 0, 2.8, 0, 2.79408, 0, -0.18191, -5.38347, 1.30186, -7.79548)

[node name="lowpoly_tree4" parent="StaticBody3D" instance=ExtResource("4_qgchu")]
transform = Transform3D(-3.36307, 0, -0.499793, 0, 3.4, 0, 0.499793, 0, -3.36307, -5.74376, 1.30186, -12.1967)

[node name="MeshInstance3D2" type="MeshInstance3D" parent="StaticBody3D"]
transform = Transform3D(0.197483, 0, -4.99934, 0, 0.2, 0, 12.1784, 0, 0.0810687, -7.04714, 1.03233, -10.0536)
material_override = SubResource("StandardMaterial3D_b4agv")
material_overlay = SubResource("StandardMaterial3D_87tu0")
mesh = SubResource("SphereMesh_2hmnn")

[node name="LeftOmniLight3D6" type="OmniLight3D" parent="StaticBody3D"]
transform = Transform3D(0.487585, 0.727584, -0.482578, 0.25618, 0.409177, 0.875755, 0.834645, -0.550632, 0.0131163, -4.87339, 1.26349, -7.61609)
light_color = Color(0.984314, 1, 0.678431, 1)
shadow_enabled = true

[node name="LeftOmniLight3D7" type="OmniLight3D" parent="StaticBody3D"]
transform = Transform3D(0.487585, 0.727584, -0.482578, 0.25618, 0.409177, 0.875755, 0.834645, -0.550632, 0.0131163, -5.1971, 1.28008, -12.2191)
light_color = Color(0.984314, 1, 0.678431, 1)
shadow_enabled = true

[node name="lowpoly_tree5" parent="StaticBody3D" instance=ExtResource("4_qgchu")]
transform = Transform3D(2.95546, 0, -0.515013, 0, 3, 0, 0.515013, 0, 2.95546, -4.80316, 1.24036, -3.35884)

[node name="MeshInstance3D3" type="MeshInstance3D" parent="StaticBody3D"]
transform = Transform3D(12.1293, 0, -0.455855, 0, 0.2, 0, 1.11046, 0, 4.97918, -7.34334, 1.03233, -2.24918)
material_override = SubResource("StandardMaterial3D_b4agv")
material_overlay = SubResource("StandardMaterial3D_87tu0")
mesh = SubResource("SphereMesh_2hmnn")

[node name="LeftOmniLight3D8" type="OmniLight3D" parent="StaticBody3D"]
transform = Transform3D(0.000882146, -0.469379, -0.0387429, 0.00025618, 0.409177, 0.875755, -0.000395208, -0.782469, 0.4812, -4.42313, 1.26349, -3.82386)
light_color = Color(0.984314, 1, 0.678431, 1)
shadow_enabled = true

[node name="lowpoly_tree6" parent="StaticBody3D" instance=ExtResource("4_qgchu")]
transform = Transform3D(-3.09958, 0, -0.0510188, 0, 3.1, 0, 0.0510188, 0, -3.09958, 12.1773, 1.29683, -7.41957)

[node name="lowpoly_tree7" parent="StaticBody3D" instance=ExtResource("4_qgchu")]
transform = Transform3D(-1.54658, 0, -2.09, 0, 2.6, 0, 2.09, 0, -1.54658, 13.8349, 1.29683, -11.6579)

[node name="MeshInstance3D4" type="MeshInstance3D" parent="StaticBody3D"]
transform = Transform3D(-3.7725, 0, -4.69676, 0, 0.2, 0, 10.3329, 0, -1.71477, 11.6435, 1.03233, -9.58421)
material_override = SubResource("StandardMaterial3D_b4agv")
material_overlay = SubResource("StandardMaterial3D_87tu0")
mesh = SubResource("SphereMesh_2hmnn")

[node name="LeftOmniLight3D9" type="OmniLight3D" parent="StaticBody3D"]
transform = Transform3D(-0.140603, -0.880579, 0.452561, 0.25618, 0.409177, 0.875755, -0.956349, 0.239071, 0.168055, 14.2481, 1.43637, -11.5513)
light_color = Color(0.984314, 1, 0.678431, 1)
shadow_enabled = true

[node name="LeftOmniLight3D10" type="OmniLight3D" parent="StaticBody3D"]
transform = Transform3D(-0.140603, -0.880579, 0.452561, 0.25618, 0.409177, 0.875755, -0.956349, 0.239071, 0.168055, 12.7566, 1.45296, -7.31719)
light_color = Color(0.984314, 1, 0.678431, 1)
shadow_enabled = true

[node name="RigidBody3D" type="RigidBody3D" parent="."]
transform = Transform3D(1, 0, 0, 0, 1, 0, 0, 0, 1, 0, -6.5312, 0)

[node name="scene" parent="RigidBody3D" instance=ExtResource("1_6g5i7")]
transform = Transform3D(1, 0, 0, 0, 1, 0, 0, 0, 1, 0, 10.6694, 0)

[node name="CollisionShape3D" type="CollisionShape3D" parent="RigidBody3D"]
transform = Transform3D(1, 0, 0, 0, 0.5, 0, 0, 0, 1, 0.028, 8.05091, -7.61732)
shape = SubResource("BoxShape3D_o5t53")

[node name="Cameras" type="Node" parent="."]

[node name="Camera1" type="Camera3D" parent="Cameras"]
transform = Transform3D(-1, 0, -8.74228e-08, 0, 1, 0, 8.74228e-08, 0, -1, 1.52052, 7.44667, -16.0101)
visible = false
current = true

[node name="Camera2" type="Camera3D" parent="Cameras"]
transform = Transform3D(1, 0, 1.74846e-07, 0, 1, 0, -1.74846e-07, 0, 1, 1.43051e-06, 9.08531, -15.3814)
visible = false
current = true

[node name="Camera" type="Node" parent="."]
script = ExtResource("3_14om2")

[node name="Camera3D" type="Camera3D" parent="Camera"]
transform = Transform3D(-0.907853, 0, 0.41929, 0, 1, 0, -0.41929, 0, -0.907853, -4.06477, 6.53396, -8.8104)
current = true

[node name="AnimationPlayer" type="AnimationPlayer" parent="Camera"]
autoplay = "camera_movement"
libraries = {
"": SubResource("AnimationLibrary_8knn7")
}

[node name="WorldEnvironment" type="WorldEnvironment" parent="."]
environment = SubResource("Environment_k8lkd")

[node name="DirectionalLight3D" type="DirectionalLight3D" parent="."]
transform = Transform3D(-0.140603, -0.880579, 0.452561, 0.25618, 0.409177, 0.875754, -0.956349, 0.239071, 0.168055, 12.9228, 37.0241, -0.18333)
light_color = Color(0.772549, 0.85098, 1, 1)
light_energy = 1.25
shadow_enabled = true

[node name="BuildingLight" type="Node" parent="."]

[node name="LeftOmniLight3D" type="OmniLight3D" parent="BuildingLight"]
transform = Transform3D(-0.140603, -0.880579, 0.452561, 0.25618, 0.409177, 0.875754, -0.956349, 0.239071, 0.168055, 8.78664, 5.19443, -15.7902)
light_color = Color(0.984314, 1, 0.678431, 1)
shadow_enabled = true

[node name="LeftOmniLight3D2" type="OmniLight3D" parent="BuildingLight"]
transform = Transform3D(-0.140603, -0.880579, 0.452561, 0.25618, 0.409177, 0.875754, -0.956349, 0.239071, 0.168055, 8.10287, 5.18116, -14.1529)
light_color = Color(0.984314, 1, 0.678431, 1)
shadow_enabled = true

[node name="LeftOmniLight3D3" type="OmniLight3D" parent="BuildingLight"]
transform = Transform3D(-0.140603, -0.880579, 0.452561, 0.25618, 0.409177, 0.875754, -0.956349, 0.239071, 0.168055, 7.4664, 5.22307, -12.6665)
light_color = Color(0.984314, 1, 0.678431, 1)
shadow_enabled = true

[node name="LeftOmniLight3D4" type="OmniLight3D" parent="BuildingLight"]
transform = Transform3D(-0.140603, -0.880579, 0.452561, 0.25618, 0.409177, 0.875754, -0.956349, 0.239071, 0.168055, 6.97155, 5.22307, -11.2377)
light_color = Color(0.984314, 1, 0.678431, 1)
shadow_enabled = true

[node name="LeftOmniLight3D5" type="OmniLight3D" parent="BuildingLight"]
transform = Transform3D(-0.140603, -0.880579, 0.452561, 0.25618, 0.409177, 0.875754, -0.956349, 0.239071, 0.168055, 6.24349, 5.1661, -9.87263)
light_color = Color(0.984314, 1, 0.678431, 1)
shadow_enabled = true

[node name="LeftOmniLight3D6" type="OmniLight3D" parent="BuildingLight"]
transform = Transform3D(-0.140603, -0.880579, 0.452561, 0.25618, 0.409177, 0.875754, -0.956349, 0.239071, 0.168055, 5.60031, 5.20304, -8.44864)
light_color = Color(0.984314, 1, 0.678431, 1)
shadow_enabled = true

[node name="LeftOmniLight3D7" type="OmniLight3D" parent="BuildingLight"]
transform = Transform3D(-0.140603, -0.880579, 0.452561, 0.25618, 0.409177, 0.875754, -0.956349, 0.239071, 0.168055, 5.60031, 5.20304, -8.44864)
light_color = Color(0.984314, 1, 0.678431, 1)
shadow_enabled = true

[node name="LeftOmniLight3D8" type="OmniLight3D" parent="BuildingLight"]
transform = Transform3D(-0.140603, -0.880579, 0.452561, 0.25618, 0.409177, 0.875754, -0.956349, 0.239071, 0.168055, 5.18716, 5.23687, -6.84417)
light_color = Color(0.984314, 1, 0.678431, 1)
shadow_enabled = true

[node name="LeftOmniLight3D9" type="OmniLight3D" parent="BuildingLight"]
transform = Transform3D(-0.140603, -0.880579, 0.452561, 0.25618, 0.409177, 0.875754, -0.956349, 0.239071, 0.168055, 12.9798, 5.04474, -14.1101)
light_color = Color(0.984314, 1, 0.678431, 1)
shadow_enabled = true

[node name="LeftOmniLight3D10" type="OmniLight3D" parent="BuildingLight"]
transform = Transform3D(-0.140603, -0.880579, 0.452561, 0.25618, 0.409177, 0.875754, -0.956349, 0.239071, 0.168055, 12.2316, 5.15323, -12.6377)
light_color = Color(0.984314, 1, 0.678431, 1)
shadow_enabled = true

[node name="LeftOmniLight3D11" type="OmniLight3D" parent="BuildingLight"]
transform = Transform3D(-0.140603, -0.880579, 0.452561, 0.25618, 0.409177, 0.875754, -0.956349, 0.239071, 0.168055, 11.8952, 5.19514, -10.9965)
light_color = Color(0.984314, 1, 0.678431, 1)
shadow_enabled = true

[node name="LeftOmniLight3D12" type="OmniLight3D" parent="BuildingLight"]
transform = Transform3D(-0.140603, -0.880579, 0.452561, 0.25618, 0.409177, 0.875754, -0.956349, 0.239071, 0.168055, 11.4003, 5.19514, -9.5677)
light_color = Color(0.984314, 1, 0.678431, 1)
shadow_enabled = true

[node name="LeftOmniLight3D13" type="OmniLight3D" parent="BuildingLight"]
transform = Transform3D(-0.140603, -0.880579, 0.452561, 0.25618, 0.409177, 0.875754, -0.956349, 0.239071, 0.168055, 10.6723, 5.13816, -8.20265)
light_color = Color(0.984314, 1, 0.678431, 1)
shadow_enabled = true

[node name="LeftOmniLight3D14" type="OmniLight3D" parent="BuildingLight"]
transform = Transform3D(-0.140603, -0.880579, 0.452561, 0.25618, 0.409177, 0.875754, -0.956349, 0.239071, 0.168055, 10.0291, 5.1751, -6.77865)
light_color = Color(0.984314, 1, 0.678431, 1)
shadow_enabled = true

[node name="LeftOmniLight3D15" type="OmniLight3D" parent="BuildingLight"]
transform = Transform3D(-0.140603, -0.880579, 0.452561, 0.25618, 0.409177, 0.875754, -0.956349, 0.239071, 0.168055, 10.0291, 5.1751, -6.77865)
light_color = Color(0.984314, 1, 0.678431, 1)
shadow_enabled = true

[node name="LeftOmniLight3D16" type="OmniLight3D" parent="BuildingLight"]
transform = Transform3D(-0.140603, -0.880579, 0.452561, 0.25618, 0.409177, 0.875754, -0.956349, 0.239071, 0.168055, 8.81431, 2.92336, -15.8282)
light_color = Color(0.984314, 1, 0.678431, 1)
shadow_enabled = true

[node name="LeftOmniLight3D17" type="OmniLight3D" parent="BuildingLight"]
transform = Transform3D(-0.140603, -0.880579, 0.452561, 0.25618, 0.409177, 0.875754, -0.956349, 0.239071, 0.168055, 8.13054, 2.91009, -14.1909)
light_color = Color(0.984314, 1, 0.678431, 1)
shadow_enabled = true

[node name="LeftOmniLight3D18" type="OmniLight3D" parent="BuildingLight"]
transform = Transform3D(-0.140603, -0.880579, 0.452561, 0.25618, 0.409177, 0.875754, -0.956349, 0.239071, 0.168055, 7.49406, 2.952, -12.7044)
light_color = Color(0.984314, 1, 0.678431, 1)
shadow_enabled = true

[node name="LeftOmniLight3D19" type="OmniLight3D" parent="BuildingLight"]
transform = Transform3D(-0.140603, -0.880579, 0.452561, 0.25618, 0.409177, 0.875754, -0.956349, 0.239071, 0.168055, 6.99921, 2.952, -11.2756)
light_color = Color(0.984314, 1, 0.678431, 1)
shadow_enabled = true

[node name="LeftOmniLight3D20" type="OmniLight3D" parent="BuildingLight"]
transform = Transform3D(-0.140603, -0.880579, 0.452561, 0.25618, 0.409177, 0.875754, -0.956349, 0.239071, 0.168055, 6.27116, 2.89502, -9.91057)
light_color = Color(0.984314, 1, 0.678431, 1)
shadow_enabled = true

[node name="LeftOmniLight3D21" type="OmniLight3D" parent="BuildingLight"]
transform = Transform3D(-0.140603, -0.880579, 0.452561, 0.25618, 0.409177, 0.875754, -0.956349, 0.239071, 0.168055, 5.62798, 2.93196, -8.48658)
light_color = Color(0.984314, 1, 0.678431, 1)
shadow_enabled = true

[node name="LeftOmniLight3D22" type="OmniLight3D" parent="BuildingLight"]
transform = Transform3D(-0.140603, -0.880579, 0.452561, 0.25618, 0.409177, 0.875754, -0.956349, 0.239071, 0.168055, 5.62798, 2.93196, -8.48658)
light_color = Color(0.984314, 1, 0.678431, 1)
shadow_enabled = true

[node name="LeftOmniLight3D23" type="OmniLight3D" parent="BuildingLight"]
transform = Transform3D(-0.140603, -0.880579, 0.452561, 0.25618, 0.409177, 0.875754, -0.956349, 0.239071, 0.168055, 5.21483, 2.9658, -6.88211)
light_color = Color(0.984314, 1, 0.678431, 1)
shadow_enabled = true

[node name="LeftOmniLight3D24" type="OmniLight3D" parent="BuildingLight"]
transform = Transform3D(-0.140603, -0.880579, 0.452561, 0.25618, 0.409177, 0.875754, -0.956349, 0.239071, 0.168055, 9.61592, 5.20894, -5.17418)
light_color = Color(0.984314, 1, 0.678431, 1)
shadow_enabled = true

[node name="LeftOmniLight3D25" type="OmniLight3D" parent="BuildingLight"]
transform = Transform3D(-0.140603, -0.880579, 0.452561, 0.25618, 0.409177, 0.875754, -0.956349, 0.239071, 0.168055, 13.1408, 2.98218, -13.992)
light_color = Color(0.984314, 1, 0.678431, 1)
shadow_enabled = true

[node name="LeftOmniLight3D26" type="OmniLight3D" parent="BuildingLight"]
transform = Transform3D(-0.140603, -0.880579, 0.452561, 0.25618, 0.409177, 0.875754, -0.956349, 0.239071, 0.168055, 12.2705, 2.88215, -12.6688)
light_color = Color(0.984314, 1, 0.678431, 1)
shadow_enabled = true

[node name="LeftOmniLight3D27" type="OmniLight3D" parent="BuildingLight"]
transform = Transform3D(-0.140603, -0.880579, 0.452561, 0.25618, 0.409177, 0.875754, -0.956349, 0.239071, 0.168055, 11.4711, 2.92407, -11.0345)
light_color = Color(0.984314, 1, 0.678431, 1)
shadow_enabled = true

[node name="LeftOmniLight3D28" type="OmniLight3D" parent="BuildingLight"]
transform = Transform3D(-0.140603, -0.880579, 0.452561, 0.25618, 0.409177, 0.875754, -0.956349, 0.239071, 0.168055, 11.2087, 2.92407, -9.60563)
light_color = Color(0.984314, 1, 0.678431, 1)
shadow_enabled = true

[node name="LeftOmniLight3D29" type="OmniLight3D" parent="BuildingLight"]
transform = Transform3D(-0.140603, -0.880579, 0.452561, 0.25618, 0.409177, 0.875754, -0.956349, 0.239071, 0.168055, 10.6999, 2.86709, -8.24058)
light_color = Color(0.984314, 1, 0.678431, 1)
shadow_enabled = true

[node name="LeftOmniLight3D30" type="OmniLight3D" parent="BuildingLight"]
transform = Transform3D(-0.140603, -0.880579, 0.452561, 0.25618, 0.409177, 0.875754, -0.956349, 0.239071, 0.168055, 10.0567, 2.90403, -6.81659)
light_color = Color(0.984314, 1, 0.678431, 1)
shadow_enabled = true

[node name="LeftOmniLight3D31" type="OmniLight3D" parent="BuildingLight"]
transform = Transform3D(-0.140603, -0.880579, 0.452561, 0.25618, 0.409177, 0.875754, -0.956349, 0.239071, 0.168055, 10.0567, 2.90403, -6.81659)
light_color = Color(0.984314, 1, 0.678431, 1)
shadow_enabled = true

[node name="LeftOmniLight3D32" type="OmniLight3D" parent="BuildingLight"]
transform = Transform3D(-0.140603, -0.880579, 0.452561, 0.25618, 0.409177, 0.875754, -0.956349, 0.239071, 0.168055, 9.64359, 2.93787, -5.21212)
light_color = Color(0.984314, 1, 0.678431, 1)
shadow_enabled = true

[node name="RightOmniLight3D9" type="OmniLight3D" parent="BuildingLight"]
transform = Transform3D(-0.140603, -0.880579, 0.452561, 0.25618, 0.409177, 0.875754, -0.956349, 0.239071, 0.168055, -7.69218, 5.17235, -15.3879)
light_color = Color(0.984314, 1, 0.678431, 1)
shadow_enabled = true

[node name="RightOmniLight3D10" type="OmniLight3D" parent="BuildingLight"]
transform = Transform3D(-0.140603, -0.880579, 0.452561, 0.25618, 0.409177, 0.875754, -0.956349, 0.239071, 0.168055, -7.59037, 5.2067, -13.5695)
light_color = Color(0.984314, 1, 0.678431, 1)
shadow_enabled = true

[node name="RightOmniLight3D11" type="OmniLight3D" parent="BuildingLight"]
transform = Transform3D(-0.140603, -0.880579, 0.452561, 0.25618, 0.409177, 0.875754, -0.956349, 0.239071, 0.168055, -7.56038, 5.2128, -11.6831)
light_color = Color(0.984314, 1, 0.678431, 1)
shadow_enabled = true

[node name="RightOmniLight3D12" type="OmniLight3D" parent="BuildingLight"]
transform = Transform3D(-0.140603, -0.880579, 0.452561, 0.25618, 0.409177, 0.875754, -0.956349, 0.239071, 0.168055, -7.57263, 5.2128, -10.123)
light_color = Color(0.984314, 1, 0.678431, 1)
shadow_enabled = true

[node name="RightOmniLight3D13" type="OmniLight3D" parent="BuildingLight"]
transform = Transform3D(-0.140603, -0.880579, 0.452561, 0.25618, 0.409177, 0.875754, -0.956349, 0.239071, 0.168055, -7.83956, 5.25332, -8.42566)
light_color = Color(0.984314, 1, 0.678431, 1)
shadow_enabled = true

[node name="RightOmniLight3D14" type="OmniLight3D" parent="BuildingLight"]
transform = Transform3D(-0.140603, -0.880579, 0.452561, 0.25618, 0.409177, 0.875754, -0.956349, 0.239071, 0.168055, -7.8351, 5.15969, -6.35577)
light_color = Color(0.984314, 1, 0.678431, 1)
shadow_enabled = true

[node name="RightOmniLight3D15" type="OmniLight3D" parent="BuildingLight"]
transform = Transform3D(-0.140603, -0.880579, 0.452561, 0.25618, 0.409177, 0.875754, -0.956349, 0.239071, 0.168055, -7.72865, 5.18315, -5.29146)
light_color = Color(0.984314, 1, 0.678431, 1)
shadow_enabled = true

[node name="RightOmniLight3D24" type="OmniLight3D" parent="BuildingLight"]
transform = Transform3D(-0.140603, -0.880579, 0.452561, 0.25618, 0.409177, 0.875754, -0.956349, 0.239071, 0.168055, -7.69218, 3.00845, -15.3879)
light_color = Color(0.984314, 1, 0.678431, 1)
shadow_enabled = true

[node name="RightOmniLight3D25" type="OmniLight3D" parent="BuildingLight"]
transform = Transform3D(-0.140603, -0.880579, 0.452561, 0.25618, 0.409177, 0.875754, -0.956349, 0.239071, 0.168055, -7.59037, 3.0428, -13.5695)
light_color = Color(0.984314, 1, 0.678431, 1)
shadow_enabled = true

[node name="RightOmniLight3D26" type="OmniLight3D" parent="BuildingLight"]
transform = Transform3D(-0.140603, -0.880579, 0.452561, 0.25618, 0.409177, 0.875754, -0.956349, 0.239071, 0.168055, -7.56038, 3.0489, -11.6831)
light_color = Color(0.984314, 1, 0.678431, 1)
shadow_enabled = true

[node name="RightOmniLight3D27" type="OmniLight3D" parent="BuildingLight"]
transform = Transform3D(-0.140603, -0.880579, 0.452561, 0.25618, 0.409177, 0.875754, -0.956349, 0.239071, 0.168055, -7.57263, 3.0489, -10.123)
light_color = Color(0.984314, 1, 0.678431, 1)
shadow_enabled = true

[node name="RightOmniLight3D28" type="OmniLight3D" parent="BuildingLight"]
transform = Transform3D(-0.140603, -0.880579, 0.452561, 0.25618, 0.409177, 0.875754, -0.956349, 0.239071, 0.168055, -7.83956, 3.08942, -8.42566)
light_color = Color(0.984314, 1, 0.678431, 1)
shadow_enabled = true

[node name="RightOmniLight3D29" type="OmniLight3D" parent="BuildingLight"]
transform = Transform3D(-0.140603, -0.880579, 0.452561, 0.25618, 0.409177, 0.875754, -0.956349, 0.239071, 0.168055, -7.8351, 2.99579, -6.35577)
light_color = Color(0.984314, 1, 0.678431, 1)
shadow_enabled = true

[node name="RightOmniLight3D30" type="OmniLight3D" parent="BuildingLight"]
transform = Transform3D(-0.140603, -0.880579, 0.452561, 0.25618, 0.409177, 0.875754, -0.956349, 0.239071, 0.168055, -7.72865, 3.01925, -5.29146)
light_color = Color(0.984314, 1, 0.678431, 1)
shadow_enabled = true

[node name="RightOmniLight3D16" type="OmniLight3D" parent="BuildingLight"]
transform = Transform3D(1, 0, 0, 0, 1, 0, 0, 0, 1, -11.9822, 5.21195, -15.2215)
light_color = Color(0.984314, 1, 0.678431, 1)
shadow_enabled = true

[node name="RightOmniLight3D17" type="OmniLight3D" parent="BuildingLight"]
transform = Transform3D(1, 0, 0, 0, 1, 0, 0, 0, 1, -11.9822, 5.21195, -13.5082)
light_color = Color(0.984314, 1, 0.678431, 1)
shadow_enabled = true

[node name="RightOmniLight3D18" type="OmniLight3D" parent="BuildingLight"]
transform = Transform3D(1, 0, 0, 0, 1, 0, 0, 0, 1, -12.2926, 2.91704, -15.1479)
light_color = Color(0.984314, 1, 0.678431, 1)
shadow_enabled = true

[node name="MidOmniLight3D" type="OmniLight3D" parent="BuildingLight"]
transform = Transform3D(1, 0, 0, 0, 1, 0, 0, 0, 1, -1.95485, 5.10464, -1.68286)
light_color = Color(0.984314, 1, 0.678431, 1)
shadow_enabled = true

[node name="MidOmniLight3D2" type="OmniLight3D" parent="BuildingLight"]
transform = Transform3D(1, 0, 0, 0, 1, 0, 0, 0, 1, -3.50053, 5.10464, -1.68286)
light_color = Color(0.984314, 1, 0.678431, 1)
shadow_enabled = true

[node name="MidOmniLight3D3" type="OmniLight3D" parent="BuildingLight"]
transform = Transform3D(1, 0, 0, 0, 1, 0, 0, 0, 1, -5.23728, 5.10464, -1.68286)
light_color = Color(0.984314, 1, 0.678431, 1)
shadow_enabled = true

[node name="MidOmniLight3D4" type="OmniLight3D" parent="BuildingLight"]
transform = Transform3D(1, 0, 0, 0, 1, 0, 0, 0, 1, -6.73431, 5.13946, -1.53703)
light_color = Color(0.984314, 1, 0.678431, 1)
shadow_enabled = true

[node name="MidOmniLight3D5" type="OmniLight3D" parent="BuildingLight"]
transform = Transform3D(1, 0, 0, 0, 1, 0, 0, 0, 1, -8.19596, 5.07388, -1.7454)
light_color = Color(0.984314, 1, 0.678431, 1)
shadow_enabled = true

[node name="MidOmniLight3D6" type="OmniLight3D" parent="BuildingLight"]
transform = Transform3D(1, 0, 0, 0, 1, 0, 0, 0, 1, -9.83285, 5.07388, -1.7454)
light_color = Color(0.984314, 1, 0.678431, 1)
shadow_enabled = true

[node name="MidOmniLight3D7" type="OmniLight3D" parent="BuildingLight"]
transform = Transform3D(1, 0, 0, 0, 1, 0, 0, 0, 1, -11.4093, 5.13485, -1.74296)
light_color = Color(0.984314, 1, 0.678431, 1)
shadow_enabled = true

[node name="MidOmniLight3D8" type="OmniLight3D" parent="BuildingLight"]
transform = Transform3D(1, 0, 0, 0, 1, 0, 0, 0, 1, -1.95485, 2.74717, -1.68286)
light_color = Color(0.984314, 1, 0.678431, 1)
shadow_enabled = true

[node name="MidOmniLight3D9" type="OmniLight3D" parent="BuildingLight"]
transform = Transform3D(1, 0, 0, 0, 1, 0, 0, 0, 1, -3.50053, 2.74717, -1.68286)
light_color = Color(0.984314, 1, 0.678431, 1)
shadow_enabled = true

[node name="MidOmniLight3D10" type="OmniLight3D" parent="BuildingLight"]
transform = Transform3D(1, 0, 0, 0, 1, 0, 0, 0, 1, -5.23728, 2.74717, -1.68286)
light_color = Color(0.984314, 1, 0.678431, 1)
shadow_enabled = true

[node name="MidOmniLight3D11" type="OmniLight3D" parent="BuildingLight"]
transform = Transform3D(1, 0, 0, 0, 1, 0, 0, 0, 1, -6.73431, 2.78199, -1.53703)
light_color = Color(0.984314, 1, 0.678431, 1)
shadow_enabled = true

[node name="MidOmniLight3D12" type="OmniLight3D" parent="BuildingLight"]
transform = Transform3D(1, 0, 0, 0, 1, 0, 0, 0, 1, -8.19596, 2.71641, -1.7454)
light_color = Color(0.984314, 1, 0.678431, 1)
shadow_enabled = true

[node name="MidOmniLight3D13" type="OmniLight3D" parent="BuildingLight"]
transform = Transform3D(1, 0, 0, 0, 1, 0, 0, 0, 1, -9.83285, 2.71641, -1.7454)
light_color = Color(0.984314, 1, 0.678431, 1)
shadow_enabled = true

[node name="MidOmniLight3D14" type="OmniLight3D" parent="BuildingLight"]
transform = Transform3D(1, 0, 0, 0, 1, 0, 0, 0, 1, -11.4093, 2.77737, -1.74296)
light_color = Color(0.984314, 1, 0.678431, 1)
shadow_enabled = true

[node name="MidOmniLight3D15" type="OmniLight3D" parent="BuildingLight"]
transform = Transform3D(-0.95424, 0, -0.299041, 0, 1, 0, 0.299041, 0, -0.95424, -0.341626, 4.34929, -0.646728)
light_color = Color(0.984314, 1, 0.678431, 1)
light_size = 0.2
light_specular = 0.0

[node name="MidOmniLight3D16" type="OmniLight3D" parent="BuildingLight"]
transform = Transform3D(-0.95424, 0, -0.299041, 0, 1, 0, 0.299041, 0, -0.95424, 0.380183, 4.34929, -0.610596)
light_color = Color(0.984314, 1, 0.678431, 1)
light_size = 0.2
light_specular = 0.0

[node name="MidOmniLight3D18" type="OmniLight3D" parent="BuildingLight"]
transform = Transform3D(-0.95424, 0, -0.299041, 0, 1, 0, 0.299041, 0, -0.95424, 1.17936, 6.23485, -0.416457)
light_color = Color(0.984314, 1, 0.678431, 1)
light_size = 0.2
light_specular = 0.0

[node name="MidOmniLight3D19" type="OmniLight3D" parent="BuildingLight"]
transform = Transform3D(-0.95424, 0, -0.299041, 0, 1, 0, 0.299041, 0, -0.95424, 1.17936, 6.23485, 1.80896)
light_color = Color(0.984314, 1, 0.678431, 1)
light_size = 0.2
light_specular = 0.0

[node name="MidOmniLight3D20" type="OmniLight3D" parent="BuildingLight"]
transform = Transform3D(-0.95424, 0, -0.299041, 0, 1, 0, 0.299041, 0, -0.95424, 7.43677, 6.31136, -2.7218)
light_color = Color(0.984314, 1, 0.678431, 1)
light_size = 0.2
light_specular = 0.0

[node name="MidOmniLight3D21" type="OmniLight3D" parent="BuildingLight"]
transform = Transform3D(-0.95424, 0, -0.299041, 0, 1, 0, 0.299041, 0, -0.95424, 5.34286, 6.31792, -3.55655)
light_color = Color(0.984314, 1, 0.678431, 1)
light_size = 0.2
light_specular = 0.0

[node name="MidOmniLight3D17" type="OmniLight3D" parent="BuildingLight"]
transform = Transform3D(-0.95424, 0, -0.299041, 0, 1, 0, 0.299041, 0, -0.95424, 5.42731, 4.155, -4.29792)
light_color = Color(0.984314, 1, 0.678431, 1)
light_size = 0.2
light_specular = 0.0

[node name="MidOmniLight3D22" type="OmniLight3D" parent="BuildingLight"]
transform = Transform3D(-0.95424, 0, -0.299041, 0, 1, 0, 0.299041, 0, -0.95424, 5.63035, 4.155, -4.98505)
light_color = Color(0.984314, 1, 0.678431, 1)
light_size = 0.2
light_specular = 0.0

[node name="Fence" type="Node" parent="."]

[node name="simple_bricks_and_steel_fence" parent="Fence" instance=ExtResource("15_j4600")]
transform = Transform3D(0.811421, 0, 0.584462, 0, 1, 0, -0.584462, 0, 0.811421, 9.1038, 1.05122, 6.42267)

[node name="simple_bricks_and_steel_fence2" parent="Fence" instance=ExtResource("15_j4600")]
transform = Transform3D(0.811421, 0, 0.584462, 0, 1, 0, -0.584462, 0, 0.811421, 6.77545, 1.05122, 8.10516)

[node name="simple_bricks_and_steel_fence3" parent="Fence" instance=ExtResource("15_j4600")]
transform = Transform3D(0.811421, 0, 0.584462, 0, 1, 0, -0.584462, 0, 0.811421, 13.7636, 1.05122, 3.06149)

[node name="simple_bricks_and_steel_fence4" parent="Fence" instance=ExtResource("15_j4600")]
transform = Transform3D(0.811421, 0, 0.584462, 0, 1, 0, -0.584462, 0, 0.811421, 11.4353, 1.05122, 4.74397)

[node name="simple_bricks_and_steel_fence5" parent="Fence" instance=ExtResource("15_j4600")]
transform = Transform3D(0.999976, 0, 0.00691144, 0, 1, 0, -0.00691144, 0, 0.999976, -1.57266, 1.05122, 8.9518)

[node name="simple_bricks_and_steel_fence6" parent="Fence" instance=ExtResource("15_j4600")]
transform = Transform3D(0.999976, 0, 0.00691144, 0, 1, 0, -0.00691144, 0, 0.999976, -4.44518, 1.05122, 8.97603)

[node name="simple_bricks_and_steel_fence7" parent="Fence" instance=ExtResource("15_j4600")]
transform = Transform3D(0.999976, 0, 0.00691144, 0, 1, 0, -0.00691144, 0, 0.999976, 4.17273, 1.05122, 8.90823)

[node name="simple_bricks_and_steel_fence8" parent="Fence" instance=ExtResource("15_j4600")]
transform = Transform3D(0.999976, 0, 0.00691144, 0, 1, 0, -0.00691144, 0, 0.999976, 1.30021, 1.05122, 8.93246)

[node name="simple_bricks_and_steel_fence9" parent="Fence" instance=ExtResource("15_j4600")]
transform = Transform3D(0.999976, 0, 0.00691144, 0, 1, 0, -0.00691144, 0, 0.999976, -13.0541, 1.05122, 9.03601)

[node name="simple_bricks_and_steel_fence10" parent="Fence" instance=ExtResource("15_j4600")]
transform = Transform3D(0.999976, 0, 0.00691144, 0, 1, 0, -0.00691144, 0, 0.999976, -15.9267, 1.05122, 9.06023)

[node name="simple_bricks_and_steel_fence11" parent="Fence" instance=ExtResource("15_j4600")]
transform = Transform3D(0.999976, 0, 0.00691144, 0, 1, 0, -0.00691144, 0, 0.999976, -7.30875, 1.05122, 8.99244)

[node name="simple_bricks_and_steel_fence12" parent="Fence" instance=ExtResource("15_j4600")]
transform = Transform3D(0.999976, 0, 0.00691144, 0, 1, 0, -0.00691144, 0, 0.999976, -10.1813, 1.05122, 9.01667)

[node name="simple_bricks_and_steel_fence13" parent="Fence" instance=ExtResource("15_j4600")]
transform = Transform3D(0.811421, 0, 0.584462, 0, 1, 0, -0.584462, 0, 0.811421, 23.2868, 1.05122, -3.60126)

[node name="simple_bricks_and_steel_fence14" parent="Fence" instance=ExtResource("15_j4600")]
transform = Transform3D(0.811421, 0, 0.584462, 0, 1, 0, -0.584462, 0, 0.811421, 20.9584, 1.05122, -1.91877)

[node name="simple_bricks_and_steel_fence16" parent="Fence" instance=ExtResource("15_j4600")]
transform = Transform3D(0.811421, 0, 0.584462, 0, 1, 0, -0.584462, 0, 0.811421, 25.6182, 1.05122, -5.27995)

[node name="simple_bricks_and_steel_fence15" parent="Fence" instance=ExtResource("15_j4600")]
transform = Transform3D(0.000942484, 0, 1, 0, 1, 0, -1, 0, 0.000942484, -17.3641, 1.05122, 4.78063)

[node name="simple_bricks_and_steel_fence17" parent="Fence" instance=ExtResource("15_j4600")]
transform = Transform3D(0.000942484, 0, 1, 0, 1, 0, -1, 0, 0.000942484, -17.3625, 1.05122, 7.65325)

[node name="simple_bricks_and_steel_fence18" parent="Fence" instance=ExtResource("15_j4600")]
transform = Transform3D(0.000942484, 0, 1, 0, 1, 0, -1, 0, 0.000942484, -17.3626, 1.05122, -0.964927)

[node name="simple_bricks_and_steel_fence19" parent="Fence" instance=ExtResource("15_j4600")]
transform = Transform3D(0.000942484, 0, 1, 0, 1, 0, -1, 0, 0.000942484, -17.3609, 1.05122, 1.9077)

[node name="simple_bricks_and_steel_fence20" parent="Fence" instance=ExtResource("15_j4600")]
transform = Transform3D(0.000942484, 0, 1, 0, 1, 0, -1, 0, 0.000942484, -17.3641, 1.05122, -6.70826)

[node name="simple_bricks_and_steel_fence21" parent="Fence" instance=ExtResource("15_j4600")]
transform = Transform3D(0.000942484, 0, 1, 0, 1, 0, -1, 0, 0.000942484, -17.3625, 1.05122, -3.83564)

[node name="simple_bricks_and_steel_fence22" parent="Fence" instance=ExtResource("15_j4600")]
transform = Transform3D(0.000942484, 0, 1, 0, 1, 0, -1, 0, 0.000942484, -17.3626, 1.05122, -12.4538)

[node name="simple_bricks_and_steel_fence23" parent="Fence" instance=ExtResource("15_j4600")]
transform = Transform3D(0.000942484, 0, 1, 0, 1, 0, -1, 0, 0.000942484, -17.3609, 1.05122, -9.58119)

[node name="simple_bricks_and_steel_fence24" parent="Fence" instance=ExtResource("15_j4600")]
transform = Transform3D(0.000942484, 0, 1, 0, 1, 0, -1, 0, 0.000942484, -17.3641, 1.05122, -18.2085)

[node name="simple_bricks_and_steel_fence25" parent="Fence" instance=ExtResource("15_j4600")]
transform = Transform3D(0.000942484, 0, 1, 0, 1, 0, -1, 0, 0.000942484, -17.3625, 1.05122, -15.3359)

[node name="simple_bricks_and_steel_fence26" parent="Fence" instance=ExtResource("15_j4600")]
transform = Transform3D(0.000942484, 0, 1, 0, 1, 0, -1, 0, 0.000942484, -17.3626, 1.05122, -23.9541)

[node name="simple_bricks_and_steel_fence27" parent="Fence" instance=ExtResource("15_j4600")]
transform = Transform3D(0.000942484, 0, 1, 0, 1, 0, -1, 0, 0.000942484, -17.3609, 1.05122, -21.0815)

[node name="simple_bricks_and_steel_fence28" parent="Fence" instance=ExtResource("15_j4600")]
transform = Transform3D(0.000942484, 0, 1, 0, 1, 0, -1, 0, 0.000942484, 26.7883, 1.05122, -10.4406)

[node name="simple_bricks_and_steel_fence29" parent="Fence" instance=ExtResource("15_j4600")]
transform = Transform3D(0.000942484, 0, 1, 0, 1, 0, -1, 0, 0.000942484, 26.79, 1.05122, -7.56802)

[node name="simple_bricks_and_steel_fence30" parent="Fence" instance=ExtResource("15_j4600")]
transform = Transform3D(0.000942484, 0, 1, 0, 1, 0, -1, 0, 0.000942484, 26.7899, 1.05122, -16.1862)

[node name="simple_bricks_and_steel_fence31" parent="Fence" instance=ExtResource("15_j4600")]
transform = Transform3D(0.000942484, 0, 1, 0, 1, 0, -1, 0, 0.000942484, 26.7915, 1.05122, -13.3136)

[node name="simple_bricks_and_steel_fence32" parent="Fence" instance=ExtResource("15_j4600")]
transform = Transform3D(0.000942484, 0, 1, 0, 1, 0, -1, 0, 0.000942484, 26.7883, 1.05122, -21.9341)

[node name="simple_bricks_and_steel_fence33" parent="Fence" instance=ExtResource("15_j4600")]
transform = Transform3D(0.000942484, 0, 1, 0, 1, 0, -1, 0, 0.000942484, 26.79, 1.05122, -19.0614)

[node name="simple_bricks_and_steel_fence34" parent="Fence" instance=ExtResource("15_j4600")]
transform = Transform3D(0.000942484, 0, 1, 0, 1, 0, -1, 0, 0.000942484, 26.7899, 1.05122, -27.6796)

[node name="simple_bricks_and_steel_fence35" parent="Fence" instance=ExtResource("15_j4600")]
transform = Transform3D(0.000942484, 0, 1, 0, 1, 0, -1, 0, 0.000942484, 26.7915, 1.05122, -24.807)

[node name="simple_bricks_and_steel_fence36" parent="Fence" instance=ExtResource("15_j4600")]
transform = Transform3D(0.999592, 0, -0.0285671, 0, 1, 0, 0.0285671, 0, 0.999592, 19.6273, 1.05122, -29.4042)

[node name="simple_bricks_and_steel_fence37" parent="Fence" instance=ExtResource("15_j4600")]
transform = Transform3D(0.999592, 0, -0.0285671, 0, 1, 0, 0.0285671, 0, 0.999592, 16.757, 1.05122, -29.5185)

[node name="simple_bricks_and_steel_fence38" parent="Fence" instance=ExtResource("15_j4600")]
transform = Transform3D(0.999592, 0, -0.0285671, 0, 1, 0, 0.0285671, 0, 0.999592, 25.3681, 1.05122, -29.1705)

[node name="simple_bricks_and_steel_fence39" parent="Fence" instance=ExtResource("15_j4600")]
transform = Transform3D(0.999592, 0, -0.0285671, 0, 1, 0, 0.0285671, 0, 0.999592, 22.4978, 1.05122, -29.2849)

[node name="simple_bricks_and_steel_fence40" parent="Fence" instance=ExtResource("15_j4600")]
transform = Transform3D(0.999592, 0, -0.0285671, 0, 1, 0, 0.0285671, 0, 0.999592, 8.13329, 1.05122, -29.8342)

[node name="simple_bricks_and_steel_fence41" parent="Fence" instance=ExtResource("15_j4600")]
transform = Transform3D(0.999592, 0, -0.0285671, 0, 1, 0, 0.0285671, 0, 0.999592, 5.26294, 1.05122, -29.9486)

[node name="simple_bricks_and_steel_fence42" parent="Fence" instance=ExtResource("15_j4600")]
transform = Transform3D(0.999592, 0, -0.0285671, 0, 1, 0, 0.0285671, 0, 0.999592, 13.8741, 1.05122, -29.6005)

[node name="simple_bricks_and_steel_fence43" parent="Fence" instance=ExtResource("15_j4600")]
transform = Transform3D(0.999592, 0, -0.0285671, 0, 1, 0, 0.0285671, 0, 0.999592, 11.0037, 1.05122, -29.7149)

[node name="simple_bricks_and_steel_fence44" parent="Fence" instance=ExtResource("15_j4600")]
transform = Transform3D(0.999592, 0, -0.0285671, 0, 1, 0, 0.0285671, 0, 0.999592, -3.34394, 1.05122, -30.2799)

